1,39.99801749995619,116.32565785824818,3,167,128,17,15,136,138,14,0,140,22,176,62,65,12,24,25,179,144,26,10,58,30,68,69,126,9,72,1,74,33,34,125,81,152,174,82,35,5,112,44,168,110,4,158,38,163,96,42,164,39,92,91,85
10,39.75805684416666,116.31659348349999,42,10,41,66,24,30,130,128,37,62,51,73
100,39.987268734000004,117.14972629799999,62,128,37,157
101,40.020691709795905,116.37879234602038,17,58,176,68,169,84,168,85,167,41,89,92,163,103,155,4,106,153,113,115,34,144,128,24,142,14
102,39.412489964489794,116.92164393122447,10,62,3,25,67,128,6,37,124,144
103,39.8056670531579,118.03365882315788,62,128,144,126,129,61,157,167
104,39.89727789813558,116.4216125679096,79,140,42,19,30,14,10,125,3,128,23,81,153,34,26,6,115,129,4,25,17,68,112,157,163,84,41,38,52,95,18,64,155,2,136,67,37,139,71,105,127,162,62,22,106,51,74,39,102,8,77,167,66,0,12,126,108,7
105,40.032697269162796,116.31114295083722,128,15,2,17,144,91,28,179,85,10,65,68,4,62,38,104,32,34,39,125,152,117,153,82,44,112,22,1,96,24,25,101,163,26
106,40.53138243387097,116.80515275225805,38,128,140,41,167,91,36,42,28,126
107,40.009318966470595,116.2678591223529,163,142,167,38,126,128,140,34,50,104,58,25,145,92,41,65,144,62,101,74,14,17,175,37,174,153,36,168,171,51,112,85,1,73,106,24,91
108,39.99056374140809,116.32755769066486,167,3,85,2,90,91,42,166,165,39,92,93,164,95,96,163,98,4,100,128,104,158,179,105,37,106,0,108,5,110,112,43,44,83,115,17,35,1,117,82,122,34,174,125,152,81,126,78,147,7,77,32,74,30,9,72,62,52,127,144,10,26,58,25,67,11,12,181,24,65,22,16,142,141,14,176,140,20,139,138,15,130,129
109,40.29952428823529,116.03245199705881,17,128,50,95,84,6,24,174,10,153,39,163,85,92,101,20,112,141,156,64,41,62
11,39.861082895824175,116.39387453807689,10,19,34,18,41,42,119,88,128,17,67,11,62,6,84,173,65,14,7,105,37,24,51,144,155,181,12,30,38,29
110,39.931030496131385,116.39108899204376,62,163,131,140,144,34,153,67,99,104,167,79,11,77,51,177,18,47,39,128,126,174,115,92,17,25,84,112,52,105,169,82,4,3,41,110,111,135,36,78,68,37,10,81,14,1,2,19
111,39.81119507377778,116.28267678577778,131,37,41,34,38,62,3,42,15,67,43,25,22,92,51
112,39.756831425217385,117.31791858173914,144,128,140,61,41,83,69,157
113,39.90960897932693,116.45384896879803,115,39,92,128,42,153,10,17,84,37,105,68,18,38,32,157,106,57,150,2,67,163,85,51,119,4,25,66,3,62,41,94,22,65
114,40.148642637802226,116.24842003373624,24,128,111,115,141,38,62,163,89,112,104,122,50,167,17,144,25,153,36,10,64,126,6
115,39.03247234647059,116.93547861764705,10,25,3,62,128,37,144,66,51,101,67
116,40.014324460091714,116.45029753206425,153,144,150,58,134,0,99,57,62,149,163,128,115,3,108,68,167,94,24,14,41,106,155,89,52,110,142,85,22,91,83,26,126,103,28,139,122,37,4
117,39.97592185538461,115.93890234692309,162,89,128,111,144,7,41
118,40.04008186462618,116.33190679523364,128,62,17,37,144,179,14,104,55,15,10,163,38,25,24,39,16,141,92,111,140,44,34,91,41,89
119,39.9396373052174,116.3269738116996,110,22,62,85,92,179,41,36,2,3,16,131,61,96,24,142,163,17,0,98,25,174,99,34,101,102,103,81,4,37,144,74,104,161,153,38,33,29,145,125,58,51,181,68,128,135,10,30,19,84,43,65,5
12,40.3027929845946,116.75287962000002,62,153,149,144,142,140,14,139,128,17,24,126,110,108,99,91,89,41,48
120,39.98659848101052,116.3531073370316,128,25,52,62,144,12,101,3,39,17,104,131,4,167,65,88,37,105,109,163,84,96,110,168,129,153,115,134,14,136,89,34,120,122,125,7,140,147,19,126,8,9,30,1,81,22,50,76,141,10,68,142,11,69
121,39.27379080842106,117.06085346000005,62,10,4,3,162,175,128,119,144,52,6,124,25
122,39.87830429555556,116.07961718166669,92,128,41,111,65,18,142
123,39.91146600732557,116.59440401755813,140,115,128,30,76,4,3,37,41,32,119,86,157,50,144,84,134
124,39.94964192609375,116.12392788203127,128,144,111,28,103,41,16,84,7,65,68
125,40.031309949599994,116.57091484319999,41,112,124,128,24,144,163,62,136,18,67,134,10,140,153,176,142,180,92,25,33
126,39.97585754496404,116.31447925835982,134,74,65,85,104,101,51,37,4,174,62,165,128,25,97,99,167,159,98,38,16,92,105,22,71,55,157,2,61,5,30,163,18,153,112,35,130,1,116,67,34,142,139,122,14,15,59,7,150,86,100,58,140,3,10,84,43,126,171,173,28,52,83,145,20,181,8,95,73,164,102,96,94,57,110,144,42,26,50,176,141,39,77,56,24,108,64,75,0
127,39.96154477069363,116.285444335607,92,112,114,153,17,128,41,142,119,52,7,3,58,28,14,83,174,164,130,62,50,86,176,85,38,104,4,37,163,30,110
128,39.8667395208889,116.35581416944441,42,37,85,41,10,105,67,17,66,29,163,2,30,14,79,6,62,51,128,173,34,124,18,119
129,38.79297635555556,116.31362235333333,128,144,176,10,91
13,39.923781659836074,116.33767344973771,17,2,42,163,85,62,167,41,128,139,19,181,21,22,141,68,24,16,52,11,174,25,90,40,144,51,10,29,92,50,63,83,84,34,153,6,43,37,110,4,104,38,103,99
130,39.89583818589038,116.34139306602741,41,30,85,163,99,34,42,10,147,39,144,62,142,26,50,51,17,4,84,0,2,66,37,153,68,90,126,167,19,18,157,128,14,181,111
131,39.98184484604283,116.3282309069493,0,14,125,71,84,150,122,139,67,60,3,7,128,90,69,85,167,42,62,12,52,11,16,91,25,89,142,104,159,179,4,174,130,15,72,131,158,1,166,26,101,17,96,22,73,38,163,86,87,55,98,37,24,105,30,129,39,165,155,10,97,107,92,175,76,108,181,56,65,110,141,5,77,78,81,47,134,111,112,36,82,140,45,114,43,115,103,144,126,44,93,57,94,61,20,6,8,83,32,95,35,136,33,58,147,138,117,34
132,40.090226087837834,116.1314387731081,142,25,128,7,41,144,4,122,101,85,30,0,36,19,3,174
133,39.79034558041667,117.03704255208332,140,69,128,41,13,144,115,70,101,157
134,40.009768776,117.34281500300001,128,62,144
135,39.783107064666666,116.1471923066667,104,128,10,41,101,159,7,140,21,24,144,174,153,115,68
136,40.67180883152172,117.30797243934781,128,48,163,144,149,89,139,153,108
137,40.92048520818182,117.38822302499997,17,128,167,89,28,24
138,40.052315048717944,116.21353043730763,7,144,25,142,128,13,91,22,167,62,126,34,36,17,85,37,101,41,38
139,39.988672861319216,116.3000652602117,104,25,62,19,181,64,52,37,3,38,51,41,142,105,34,55,126,128,99,58,85,28,163,174,167,114,129,68,112,24,17,84,50,110,83,141,153,0,22,101,125
14,40.20421915253011,116.21517256963855,111,163,41,25,104,62,128,50,167,10,141,156,144,39,84,3,112,126,24,153,37,6,89
140,39.98361794938832,116.41869029348405,150,89,163,149,140,86,84,126,128,115,39,144,14,68,153,94,57,17,134,65,82,80,62,92,167,76,37,109,106,105,85,28,91,73,52,142,41,101,42,11
141,39.92908630555556,117.52129154333335,167,126,62,128
142,38.977580554285716,116.07090870714286,128,30,144
143,40.368309897866666,116.85641768666669,128,14,91,101,142,144,99,41,120,89,39,149,126,108,139,66,122,48,49,140,24,84,110
144,40.37478036722223,116.60503517833337,41,128,111,18,126,28,19
145,39.950648774970055,116.39659064736529,84,78,25,153,17,111,131,128,105,10,140,37,163,167,112,57,62,68,85,94,150,144,134,61,135,52,41,130,43,122,22,136,126,83,119,106,125,51,39,26,50
146,39.93486059423076,116.71434435999998,0,61,4,144,30,62,37,3,167,128,41,126
147,39.91384435919353,116.54417335387097,86,3,139,128,140,68,62,30,76,144,50,10,115,37,108,15,42
148,40.03118292363637,116.42831594442151,30,153,115,144,128,34,163,126,167,25,13,168,142,68,89,14,82,140,92,67,155,131,4,41
149,40.38505099571428,117.35657849000002,167,126,84
15,39.93889300468183,116.34847964727281,50,163,101,85,4,103,104,3,62,37,2,167,109,110,5,168,17,111,43,16,153,84,36,6,35,34,63,125,7,8,95,30,9,126,127,174,45,81,92,144,80,10,77,128,51,86,11,0,25,71,52,40,90,12,24,142,68,141,22,21,14,67,140,19,88,15,41,98
150,40.009234199462774,116.32016696183871,16,128,0,15,17,136,140,22,24,179,25,26,30,10,126,32,9,8,144,148,125,152,34,115,35,5,112,4,37,106,155,163,38,101,3,96,164,91,167,85,42,168,84,170,44,82,81,1,74,69,68,67,62,58,59,174,176,64
151,39.09884369615385,117.58464470153847,127,128,10,12
152,40.07163628331573,116.32708544590508,128,67,85,144,89,22,3,91,94,39,163,57,38,104,20,155,37,68,153,44,1,115,117,150,148,58,126,82,59,17,140,65,78,138
153,40.10601365540541,116.36183324972976,14,128,84,163,144,24,38,153,39,92
154,39.883429249565225,116.63728492760868,128,76,41,144,34,62,43,18,32,2,140,50,37,115,42
155,39.90517524250001,116.26161593388886,41,42,2,142,37,25,52,4,68,66,24,106,9,153,119,58,92,85,50,128,163,84,67,14,111,131,104,157,174,179
156,39.5487987314,116.75196384800003,84,128,51,144,25,62,6,10,3,124,163,101,22,7,162
157,39.99165062087501,116.31243582209379,62,22,0,20,58,139,14,174,90,3,92,165,164,163,96,99,4,101,104,38,181,105,37,153,1,108,110,85,64,5,115,129,179,35,34,167,44,125,152,126,145,30,130,82,81,144,50,78,128,133,51,26,25,71,52,12,24,69,68,176,56
158,40.03197669162162,116.05277531972973,128,104,144,34,62,37,84,36,112,18,111,38
159,39.92424200980001,116.65779735900003,3,30,42,15,4,0,128,76,39,37
16,39.976991602130155,116.25665150248527,78,50,104,128,56,38,16,163,62,82,24,44,175,89,92,167,41,126,122,171,115,84,114,37,17,140,68,110,106,86,142,73,141,144
160,40.103796828499995,116.8300654835,41,128,140,31,163,134,24,68,10,39
161,39.84668254812501,116.43925733718747,29,18,153,155,14,163,57,140,37,41,65,17,6,150,94,128,51,105,39,62,7,32
162,40.019860154482735,116.3179550598851,128,85,41,167,2,91,92,39,95,96,3,101,38,104,155,37,179,4,168,112,170,115,117,44,0,153,148,34,8,144,82,1,30,26,25,24,62,68,22,14,58,67,59,15,17,65,130,16
163,41.05282432,116.63300414888892,111,82
164,40.06325379226743,116.36131373418603,39,94,92,91,128,85,179,11,57,144,138,22,67,82,126,148,150,15,68,168,155,38,4,101,96
165,40.1878089176923,116.07495773615385,128,101,174,13,126
166,39.880247704660206,116.39549403864078,19,15,128,68,13,24,12,11,51,17,10,30,77,82,126,83,6,112,37,84,62,42,155,85,39,90,167,41,88,3,66,18,67
167,39.98281451039343,116.30974861970486,0,1,3,4,7,11,12,14,15,16,17,20,22,24,25,28,30,34,35,36,37,38,39,43,44,50,51,52,55,62,64,65,67,68,69,71,75,77,81,83,84,85,88,91,92,97,98,99,101,102,103,104,105,110,122,125,126,127,128,129,131,134,138,141,142,144,145,153,163,164,165,167,174,176,179,181
168,39.68855699777779,115.91831679555554,41,14,10,84,74,142
169,40.008639103039215,116.49772396127453,144,101,17,62,37,18,134,163,58,150,82,115,128,94,106,153,24,57,33,14,42,41,110,73,109,142,84,112
17,40.04758856928142,116.29967357550903,58,3,179,25,44,128,42,59,34,163,96,168,39,15,85,117,2,0,104,62,67,9,22,32,17,37,153,10,81,92,125,16,91,41,24,68,140,82
170,39.975922285546545,116.35886166477731,30,25,57,163,68,167,3,17,128,62,42,104,28,37,94,16,85,92,131,111,64,14,84,95,140,112,13,11,38,144,8,126,7,150,88,22,46,153,103,169,96,50,168,34,36,67,73,52,154,4,39,157,121
171,40.22422536423077,116.37142912076924,128,144,163,92,101,10,68,126
172,39.963711062097566,116.40878457443907,128,41,105,111,37,62,115,38,39,36,167,92,68,25,34,163,4,122,156,70,52,126,51,153,50,82,149,7,144,83,84,13,140,135,17
173,39.96908442016528,116.38123566942144,37,62,17,36,14,13,128,92,68,153,126,51,105,85,94,163,131,167,84,67,112,25,111,135,136,70,34,144,157,125,57,115,52,122,22,4,83,140,65,104,38,39,106,81,150,64,86
174,40.08318093609374,116.47926422265621,128,142,14,139,24,144,140,37,149,163,62,99,110,91,19,39,42,131,108,41
175,39.99327161636843,116.4627597256843,153,163,144,37,78,17,150,89,140,57,115,128,109,167,94,106,112,25,83,126,4,39,101,28,67
176,39.77230721076923,117.85378524076924,128,140,144,115,62,78
177,40.25118344391303,116.12930844326083,101,128,141,140,25,156,62,153,38,50,174,41,112,163
178,39.987268597117136,116.20602215477473,38,1,2,115,128,50,44,140,58,69,163,36,28,84,101,106,86,126,41,142,24,37,167,92,73,175,56,82,110,59,114,62,104,85,144
179,40.378949915,116.27120025749998,128,62,144,41
18,40.11479801025641,116.54371023076922,134,38,128,24,42,14,131,19,68,140,39,153,85,144,101,109
180,39.85951114444444,115.52994950555555,128,37,144,84
181,40.00377921455306,116.32279450806777,128,39,3,30,179,176,167,117,0,58,91,4,59,158,34,125,69,126,96,90,67,25,5,73,168,26,24,1,81,152,22,44,83,62,12,127,37,85,104,112,14,138,15,129,38,110,42,93,164
182,40.24005834415095,116.25963947660378,78,128,36,144,18,111,89,3,30,25,41,163
183,39.964854800989585,116.36773023614586,13,84,62,167,17,126,51,52,2,34,92,70,125,25,128,98,4,43,140,14,41,3,112,22,28,68,163,111,136,57,135,105,37,94,88,81,153,50,16,7,115,80,38,23,150,86,8,39,144,11,142
184,39.96764776345884,116.34371468211764,25,14,128,163,11,104,13,140,17,84,112,167,126,53,37,40,139,92,57,85,2,103,22,62,65,179,111,67,134,168,101,105,131,4,94,102,34,153,83,88,30,5,80,82,46,26,152,36,142,51,44,33,150,16,89,146,115,90,8,173,12,38,0,28,10,3,6,77,144,177,56,86,52,155,70,95,125,96,1,124,68,121,21,43,162,66
185,39.98630367010566,116.40023138327467,163,83,128,62,25,33,52,140,153,67,94,89,84,57,142,105,144,37,82,150,101,112,68,126,134,115,34,85,106,17,92,109,73,119,76,167,8,80,104,30,18,41,14,138,13,136
186,39.87270942263887,116.30681265500003,10,62,28,37,105,36,104,38,68,51,63,45,144,142,85,42,130,41,17,128,30
187,40.13011104428571,116.42073455877551,128,24,25,41,39,84,144,163,104,46
188,39.95504081146341,116.52768763878049,128,115,139,37,41,108,140,129,66,24
189,39.9639720775,116.47504821551469,153,119,61,62,128,144,126,106,115,76,80,66,38,37,163,91,134,22,42,68,140
19,40.0781498453871,116.323252945871,128,17,16,130,84,44,144,126,24,153,25,34,91,179,115,167,65,38
190,39.95790937323529,116.44608488684878,163,62,92,128,81,153,115,84,36,41,1,22,39,150,25,106,67,144,75,136,179,51,68,134,126,55,96,18,94,130,13,140,105,119,57,125,80
191,39.919499483356624,116.43046984685317,52,67,106,25,92,153,125,66,68,11,144,64,128,30,140,42,38,163,84,85,138,136,65,19,62,39,18,3,37,105,79,80,24,51,17,82,0,73,4,10,167
192,40.281156652499995,116.64694583049996,108,62,71,149,144,142,140,14,139,128,17,41,24,25,91,39,99,111,38,110
193,39.97815567991869,116.29928462119233,4,34,62,41,174,65,104,128,37,16,130,175,134,92,25,85,38,110,84,140,14,24,103,141,176,142,28,30,22,64,83,115,2,102,167,181,67,126,59,35,82,153,58,20,101,165,164,3,50,163,75,51,74,56,55,52,71,100,99,0,159
194,40.44125494166667,117.57724120333332,167,5,84,126
195,39.9686996098973,116.30611266590483,92,28,26,128,62,25,176,40,24,23,22,174,65,38,19,17,85,16,134,14,94,139,43,142,144,145,44,150,50,153,74,126,51,4,52,97,99,55,163,101,34,57,164,3,61,173,2,112,104,37,105
196,40.00232149867023,116.38358049601062,52,142,122,115,14,125,128,17,119,141,104,113,68,4,163,153,86,126,140,174,50,112,3,131,0,24,62,64,67,144,168,169,92,105
197,39.888653112696105,116.45557565308825,3,115,39,106,150,144,67,34,76,94,57,68,37,155,22,90,42,153,92,0,128,17,105,66,41,18,38,19,163,51,126,140,85,30
198,39.962454639945086,116.31923679057688,25,62,175,181,65,61,58,56,68,52,51,50,78,0,45,83,44,43,85,41,40,91,92,96,98,99,101,102,104,38,37,110,111,112,36,34,126,128,30,29,28,26,24,23,22,18,17,16,131,134,14,140,13,142,11,144,8,146,7,151,153,4,161,163,3,2,167,173,174
199,39.83764464,116.31637849901644,92,62,37,41,12,142,105,104,25,66,34,42,3,128,10,63,22,6,51,162
2,39.37922051133333,115.8932028936667,125,144,10,128,21,92,115,62,153,159
20,40.469762006,115.37636495099999,128,144,140
200,39.97712560181819,116.61464180909093,128,144,37,42,33,176,41,115
21,40.49315303419355,116.00282429451612,41,128,174,84,101,62,103,38,95
22,40.59693635111111,117.72382610222222,167,84,126
23,39.9985006884163,116.41475679104063,3,68,128,22,19,104,38,25,17,62,105,42,131,179,138,140,84,92,30,13,144,10,169,8,39,37,153,126,96,125,34,119,4,52,115,163,167,112,67
24,40.527019620000004,117.09003054419355,144,17,163,128,167,89,108,140,139,28,153,126,149
25,40.01356227803846,116.34968192819233,128,104,65,62,168,58,68,55,36,115,103,163,39,34,6,46,7,144,142,130,16,17,41,85,89,24,22
26,40.01266008530864,116.29529749024697,103,25,28,128,24,144,82,115,37,62,58,41,142,1,106,34,17,101,104,0,91,163,152,39,112,56,15,140,92
27,39.8752727475,117.78473048749998,62,78,128,167,126,53
28,39.94863764282832,116.79859796060607,62,30,3,41,66,144,0,39,71,4,15,128
29,40.363042289452046,115.98305171726028,101,62,38,128,24,112,64,41,10,6,85,163,141,84,17,174,50,153,39,95,156,144
3,40.058474961799995,116.3193980663333,128,62,34,96,153,179,6,115,156,101,24,111,25,89,91,41,68,140,36,44,92,112,82,166,170
30,39.98669150052632,116.38476584168977,163,112,62,167,104,105,115,89,68,52,38,156,153,67,51,119,101,110,76,34,126,168,150,8,94,144,128,109,84,142,37,140,14,92,28,134,85,131,17,25,40,19,58,57
31,39.901476640045054,116.3836055256757,2,18,167,39,36,111,88,38,79,104,30,163,153,84,112,73,51,105,62,24,68,64,128,42,119,41,77,19,25,0,110,98,10,92,151,93,108,67,34,106,17,40,4,140,11,121,50,126,91,46,131,85,139,144
32,39.9989376706051,116.36162196869418,39,113,128,144,3,34,17,125,26,174,10,46,62,85,92,14,72,111,68,142,84,112,140,52,163,126,168,36,122,167,37,0,89,24
33,39.24069378,117.81642194599999,128,37,4,10
34,40.07052761882353,116.59086070689077,128,144,134,163,126,25,124,10,75,4,0,73,24,140,101,18,82,3,67,153,62,111,52,142,110,112,76,12,41,55,180
35,39.866096339375005,116.54417687437503,110,76,128,42,61,140,43,66,37,144,69,157
36,39.98053242929796,116.34179201831286,36,157,50,6,24,34,52,125,78,128,64,89,39,179,153,96,7,115,126,102,80,105,33,150,62,44,30,147,8,94,9,4,93,37,162,103,11,109,167,3,84,57,142,92,14,140,163,104,107,65,85,136,135,134,28,15,112,131,130,16,17,25,111,91,88,22,154,71,73,5,101,51,2,76
37,39.79821246583334,116.62972089583336,128,41,157,10,144,43
38,39.97021629243656,116.3968661830964,13,167,83,37,140,17,112,68,62,122,163,169,14,128,41,25,92,126,84,153,3,157,144,42,34,44,12,135,80,36,111,1,89,76,102,85,38,22,134,119,115,130,67,173
39,39.737648588947366,117.59489401315788,128,157,144,140,41,61
4,39.92972163537442,116.46741756083705,153,128,163,115,68,139,62,119,92,50,140,19,104,25,80,42,76,144,125,17,108,22,98
40,40.0322729130137,116.52207823424654,106,58,37,14,144,42,153,109,163,134,39,62,128,50,136,52,101,4,18,25,24
41,40.02876578623378,116.34522776987012,128,82,144,34,17,115,37,168,55,89,85,22,65,179,163,68,14,111,44,84,104,62,25,39
42,39.35470025466667,116.36290927266668,128,39,42,144,18,91,30,38
43,40.81502943666666,116.71442936,111,41,128
44,39.95632621440217,116.35534175635873,11,53,163,28,37,162,4,88,153,17,128,94,25,9,144,115,8,3,179,62,5,91,150,103,33,41,85,40,81,7,90,57,126,80,86,51,98,68,14,65,92,84,83,63,34,111,181,130
45,39.90878634766667,116.20082396666663,41,128,28,65,73,144,2,16,163,42,17,10,25,106,157,111,140,3,5,37,18,38,85,7,125,91
46,39.94591294381445,116.48266477824738,115,119,153,92,128,41,33,37,73,76,50,144,25,52,106,104,68,163,62,140,79
47,39.98636663878048,116.48802191487803,106,109,37,115,101,126,128,18,134,136,42,140,83,143,144,153,80,76,163,67,58,66,62
48,39.884237075939076,116.26116802984777,92,41,10,42,26,157,7,54,153,67,84,101,37,30,3,66,125,36,144,2,15,128,103,62,163,104,21
49,40.64063926294117,116.25137289470588,128,18
5,39.902953678759104,116.30302149167885,23,41,11,4,22,42,10,181,50,142,128,174,85,28,139,36,67,135,66,105,101,125,84,163,2,68,153,39,144,104,159,37,34,73,157,69,111,38,62,106,99,110,25,58,65,92,3,43,112,131,173,129
50,39.989535604000025,116.44535219821431,153,140,89,150,39,163,128,139,57,94,144,68,115,142,3,81,108,155,80,22,125,76,122,17,41,136,13,126,149,167,106
51,39.908344838691995,116.3604911500422,50,112,84,11,153,163,2,144,10,79,62,30,18,67,128,41,140,3,19,22,81,85,125,155,37,104,17,38,42,39,0,141,105,36,111,142,110,24,14,25,98,34,6,151,90,92,4,40,165,106,157
52,39.97517695119911,116.33300141441113,164,128,112,140,85,15,153,3,47,180,67,134,111,36,28,167,29,14,136,80,37,126,181,138,44,163,22,39,10,86,93,115,144,82,30,89,56,94,105,23,83,58,53,68,24,12,104,38,0,162,87,84,13,65,62,161,4,102,159,63,92,8,95,106,21,107,20,158,179,35,101,157,57,155,69,25,70,154,40,142,55,146,52,71,1,109,90,147,127,72,73,7,96,91,148,149,174,141,43,31,32,173,172,119,61,150,110,74,66,51,75,5,17,98,45,76,151,122,6,59,33,42,26,27,124,78,16,125,97,166,129,130,165,81,131,133,178
53,40.38610154125001,115.86104946624998,128,144,24,39,17,153
54,39.945404767445226,116.26270471934303,28,37,142,114,58,62,24,41,86,85,4,17,50,110,38,25,16,101,128,52,68,104,54
55,39.112270680714296,115.69749832071429,128,159,10,153,115,125,144,21,23,62
56,40.10438242447059,116.27333895800004,30,128,62,6,4,126,41,10,144,104,156,3,111,24,163,112,95,39,38,20,34,84,153,0,50
57,39.94154031662921,116.45182697224728,68,153,104,128,62,140,37,115,163,144,84,155,92,36,19,119,30,41,167,25,34,33,3,106,126,55,82,11,80,67,54,42,39,75,50,51,0
58,39.61483649806452,116.07459985741934,153,125,42,115,41,128,144,51,62,10,163,23,17,21,159
59,40.829442845483875,117.33416133129035,17,128,89,167,120,48,140
6,39.135095455048095,117.19882774865383,10,163,128,52,175,162,154,62,119,25,121,6,124,47,46,127,3,84,12,142,67
60,39.686427363191484,116.34679486106384,42,38,41,144,10,3,62,67,162,4,22,34,128,66,30,51,17,25
61,39.93656826368421,116.42401336915795,153,84,163,134,140,68,39,85,131,37,111,128,67,106,26,86,25,99,110,91,104,169,149,119,17,13,52,18,174,19,144,62,36,3,105,22,4,11,126
62,40.045456972631584,115.06962909631581,128,85,144
63,39.78180936085714,116.5022022842857,41,101,17,65,57,37,66,150,39,34,128,10,94,36
64,39.94917385752544,116.30900196186437,37,3,86,104,23,26,50,43,92,41,25,140,85,110,17,128,38,168,28,99,5,51,61,34,153,22,173,2,62,174,0,142,144,52,65,4,101,112,181,161,58,68,10,103,83,14,131,167,16,84,134,27
65,39.92870632493617,116.3041433209787,104,61,103,26,69,34,128,144,4,85,3,101,38,129,137,7,50,17,41,142,30,174,22,27,161,131,25,37,62,92,16,28,0,10,163,6,140,51,42,105,111,86,110,91,40
66,40.7140884848,116.57268287800001,128,111,92,41
67,39.602403539736834,116.58050968710526,84,124,144,41,10,3,62,52,36,25,24,67,51,128,66,22,42
68,39.92533822474074,116.36516306274073,83,79,128,25,11,153,141,85,52,174,17,51,92,163,140,37,0,3,168,148,131,7,98,104,2,144,84,19,136,67,125,112,68,62,4,16,10,24,50,111,159,81,40,88
69,39.97895279280072,116.44853827897657,163,89,128,22,106,19,37,109,17,66,167,134,140,84,58,10,94,150,126,68,153,80,57,124,76,101,115,155
7,40.05288229448528,116.40173797319846,22,17,82,30,39,13,104,144,85,128,155,153,167,168,67,84,3,58,138,92,126,89,163,26,41,0,34,86,68,142
70,39.9743804537229,116.3262393922078,92,85,128,25,110,163,142,112,65,101,91,4,1,73,71,61,51,67,52,174,56,115,154,104,95,62,90,3,55,108,167,14,82,30,59,126,44,46,147,111,166,153,165,13,96,81,83,105,22,179,8,139,11,28,80,106,58,136,43,134,141,93,78,97,131,15,68,130,16,2,32,125,162,98,77,175,0,176,122,36,121,161,102,159,99,5,37,168,75,20,140,74,38,39,100,157,64,40,171,173
71,40.611048471749996,116.71131923399999,41,71,111,128,38,7,82
72,40.427239705000005,116.68807250299999,28,128,111,10,144,167,126,71
73,40.165376015476184,116.63189175619048,41,144,128,167,38,163,10,24,111,36,82,110,153,140,134,39,126,85,66
74,40.033569485909084,115.78464110727276,111,89,62,128,144,84
75,40.16041235740741,117.13742077629631,134,41,128,12,31
76,39.95402059969849,116.4220560185929,106,153,68,128,4,84,144,17,167,140,67,62,80,41,70,163,14,92,105,39,13,66,85,104,111,115,26,37,25,18,83,126
77,39.867260136760564,116.48586645830986,126,41,73,37,95,106,167,128,156,144,90,153,92,14,112,163,34,67,23,110,51,42,84,22,119,10
78,40.06988041017166,116.41118374369096,39,85,144,155,128,14,104,167,68,17,163,111,24,88,34,15,126,41,168,140,11
79,40.027955084222235,116.40819972426668,144,153,168,17,128,58,14,163,92,52,22,39,104,131,89,115,169,3,155,15,40,85,103,112,82,0,41,140,86,28,68,25,67,142,24,78,10,30
8,39.97010700345109,116.42128188510864,13,126,68,84,167,140,153,128,92,67,80,85,163,111,26,17,105,37,168,62,66,4,22,25,65,115,89,144,82,11,30
80,39.79636760829268,116.35885086024388,99,42,3,10,163,7,153,34,41,128,19,73,30
81,40.42830693765958,117.01035245446806,142,149,85,108,153,163,167,140,126,84,128,17,139,89,144
82,39.4612190675,117.2170567925,128,17,37
83,39.98535786606646,116.36827463479223,128,163,153,39,150,140,51,52,17,40,62,73,109,101,89,95,38,105,115,37,169,167,4,84,41,74,104,99,168,25,103,126,2,68,76,10,144,34,125,130,134,57,135,136,14,94,11,138,80,142,81,46,92,8,32,112,1
84,39.95369230653846,116.33793407423079,14,142,167,92,84,153,15,85,104,146,126,110,3,67,10,20,62,163,58,115,25,128,0,65,4,68,13,141,41,159,1,51,179,5,90,52,176,2,18,88,43,83,98,103,147,7,37,17,81,30,26,36,71,16,174,124,22,111,165,12,11,125,6,9,78
85,40.16730289796296,116.48597437333335,41,24,144,128,149,99,39,91,14,142,19,42,11,108,62,110,68,139
86,40.75080286636365,117.13070232363636,126,128,167,28,89,149,120,17
87,39.084523825999995,116.429601166,144,128,25
88,40.24265205354166,116.53933575499998,41,128,168,142,110,108,39,62,144,24,14,46,139,149,91,167,28,18
89,39.78874484947369,116.7926429294737,7,128,41,140,144,78
9,39.99791687461816,116.34165187603637,167,144,4,30,3,163,34,104,53,147,44,96,46,39,128,106,68,176,22,52,65,19,17,115,1,85,41,62,5,55,50,110,42,26,111,16,125,130,15,92,14,140,84,89,83,11,9
90,39.92511412561223,116.27712573061224,157,128,41,37,30,61,4,92,163,28,17,52,16,25,38,7,39,85,3,34,42,111,103,89,142,84,14,0,144,11,104,58
91,40.074470293048236,116.31029707660083,128,179,115,163,68,101,71,117,34,6,96,112,82,126,95,10,58,39,44,3,84,59,140,30,138,62,111,167,41,91,170,17,18,85,65,20,64
92,39.94808354869047,116.37250287047615,3,168,153,128,25,17,86,84,52,37,163,112,62,105,68,11,51,175,144,57,89,85,111,24,65,78,136,82,35,103,6,15,94,0,43,130,67,104,83,150,33,88
93,40.61124496486486,117.1638113018919,108,144,149,128,139,89,126,163,120,41,153,28,39,167
94,39.860003604471565,116.25716302845522,41,37,42,62,144,21,30,40,157,66,142,50,128,104,174,101,86,18
95,38.89608329904762,115.51674852809525,144,21,23,153,10,128,115,159,62,125,67
96,39.915596170833325,116.47101051822224,119,153,42,163,62,30,15,128,19,50,115,106,41,76,22,66,5,37,68,10,157,14
97,39.91065387007466,116.40543437888064,95,163,4,52,25,51,105,41,66,50,1,106,157,128,8,144,115,42,67,18,153,92,155,112,85,174,84,68,81,131,14,30,0,135,19,2,10,125,162,34,159,24,82,3,136,119
98,38.775325159333335,116.87714793633333,128,10,25,3,38,62,66,18
99,39.912016802280704,116.49939901350878,128,153,115,86,25,4,76,156,92,68,106,42,69,140,37,7,84,66,30,50,10
